"#OTU ID"	"Kingdom"	"Phylum"	"Class"	"Order"	"Family"	"Genus"	"Species"
"c19a96e2287b73281f050af359ff8afe"	100	100	100	100	100	100	75
"3bb85f2a89b1185a2bd10226b383e29e"	100	100	100	100	100	100	73
"c1654ca1d8506044eb8d0bff5da2dd6c"	100	100	100	100	100	100	72
"652058e310c2822a4fb41657b5dc0e22"	100	100	100	100	100	100	78
"6c2f632d7eeb6de57debe7fe480b06b1"	100	100	100	100	100	97	87
"0d42212a4a5ebb3f70c4e3cd9a3c484b"	100	100	100	100	100	100	52
"b5526bb0ab6041055a868b8354dc0e34"	100	100	100	100	100	77	61
"875738cae1c10d47e308d434f8a3a5c6"	100	100	100	100	100	100	54
"d59d52b35c13fce6d831afe16a00ed81"	100	100	100	100	100	100	55
"738bb772588511094cd3173355f155ca"	100	100	100	100	100	96	79
"19fb95ba264af3740a20c4abf76abae5"	100	100	100	100	100	74	67
"14ee5526bbf68e6a6dbad55b7d62facb"	100	100	100	100	100	100	48
"3b9e3145f97c4e19077d3683c36201cc"	100	100	100	100	100	100	53
"f2c69285df8561f2c4764f059c73604d"	100	100	100	100	100	100	67
"8a804d34a31fe521885a0c0f4e6e6288"	100	100	100	100	100	100	90
"11fa68f4b7659eb49969925a34ed1204"	100	100	100	100	100	100	52
"91c847a5027ef638ed739dd243d612ee"	100	100	100	100	100	100	52
"b403acb0cd88efaa9e6837017c897773"	100	100	100	100	100	74	49
"88e80bde141c08505eb2d0bdff54263a"	100	100	100	100	100	100	78
"4bd43a269d12ecd1e3c5c87bfc4b01d4"	100	100	100	100	100	98	97
"ad782906c9744b1a6c3e63a3f3b3f287"	100	100	100	100	100	100	100
"bcd79601030eadae499374f496054088"	100	100	100	100	100	100	95
"6d47440d820b941a827ddd782507b560"	100	100	100	100	100	100	100
"720ac46acd831927edf0e2f1ddb56013"	100	100	100	100	100	100	100
"fe2d290640c0bf8f740e5861555154ba"	100	100	100	100	100	100	54
"950fa4031a3b0c1a53b80074fa483536"	100	100	100	100	100	77	47
"95dfa8db3b20043beeb4128a097dab6e"	100	100	100	100	100	100	65
"67d290b81e89d986852136e6874b5dfe"	100	100	100	100	100	100	100
"7ebae896c7a84584495867e442200965"	100	100	100	100	100	100	69
"d9b215b338b70a8268d1b6c9f3abf345"	100	100	100	100	100	100	100
"9bcbe84110eb7c4852d0ebd14b270fd2"	100	100	100	100	100	100	100
"e6915251259fa5dff96f57c302a5cb73"	100	100	100	100	100	100	100
"962271dff0c83174e3ba7d044e9ecf3d"	100	100	100	100	100	100	100
"50608953e7f9575d7505277e0bfea09c"	100	100	100	100	100	100	100
"8eca9851a02e5ce616a6727658e2f5b2"	100	100	100	100	100	100	100
"f535c9a38b2de242a1a040416118cb6c"	100	100	100	100	100	100	41
"c6e6a28d2553a78ebaf384319562ed53"	100	100	100	100	100	100	43
"da705e0d913329af6aa131df7a7fb10e"	100	100	100	100	100	100	100
"ab17d70f6e8503a1a32749485501ad93"	100	100	100	100	100	100	100
"64f894ef81413a7ceff9b2017d3a15d7"	100	100	100	100	100	99	62
"2d347397205bc0479d601fb23af2474d"	100	100	100	100	100	100	71
"b58045573dc6d077bc119a23d45e1bdc"	100	100	100	100	100	100	100
"a7c032197022590a98428506bbf37ecd"	100	100	100	100	100	100	100
"c79fc5c021041cfc1634de40c2b03f48"	100	100	100	100	100	100	80
"63b60ed4d6d420de08faa6287c8acfe3"	100	100	100	100	100	100	69
"0db9c6aacae47e4998be7d5598e44bf6"	100	100	100	100	100	100	49
"9cc5c421f0da1077571546e48d0f6cac"	66	16	16	16	16	16	16
"45fb56bd4581b2d7ab749d73c9d33582"	100	100	100	100	100	100	99
"b9e5e732a86ddd0d8e507949fe50e449"	100	100	100	100	100	100	100
"a6623b91504737ccb345aa768384dc36"	100	100	100	100	100	100	92
"843fbfab6f9a434380967deaccb4c2b5"	100	100	100	100	100	100	82
"0ecf4d001ec7671298bfb802ecce2156"	69	15	14	14	14	14	14
"7c0607ccfd2dccf215d6d29f9a49775e"	100	100	100	100	100	100	100
"7fa9b4a0d36e1c71042b311407a72de2"	100	100	100	100	100	100	51
"33ca9bf1a881c40a3f6331c662dae42b"	100	100	100	100	100	100	83
"ef70300a591ee05e1a28a128c2ecc533"	100	100	100	100	100	100	97
"655f9b0e24f679a66e0024fa8a2f5ae4"	100	100	100	100	100	100	60
"310e6d051cf1a85c2c5caa3f7bc46897"	100	100	100	100	100	100	100
"1d3f2b48a2a0d169230ec93fd3955f5d"	100	100	100	100	100	100	47
"7fe09700d57152dd5d10c883a4204e5f"	100	100	100	100	100	100	69
"7738c5a7b049dadd2a2a6cf3ed79afce"	100	100	100	100	100	100	99
"cb4018f83fc2cd06949d1ffc42451ad5"	100	100	100	100	100	100	70
"dd5768811e11025df8782a3a3be89664"	100	100	100	100	100	100	100
"62f2502559e485ad53000f69841dfc7f"	100	100	100	100	100	100	98
"fd01c07d31a8526a92d1d048117d97f5"	74	24	21	18	18	18	18
"17945be6d50480e875831ea96c48a9de"	100	100	100	100	100	100	100
"7aadf8d844de51b24dd0e12701747688"	100	100	100	100	100	100	69
"f71cb3da0396839b7d11fcd3f4840bc3"	100	100	100	100	100	100	100
"8930f73f555dd045dbbec556084fb4cf"	100	100	100	100	100	100	95
"c59eaad53c71e1947ae905474c6c8933"	100	100	100	100	100	100	80
"4d04e545737c8c63958f8f9fb33e50e1"	100	100	100	100	100	100	96
"69adc4d7aa76a82cae3f9fcec4b16e58"	100	100	100	100	100	97	97
"6c538423c094ac94f49079b973de1ec5"	100	100	100	100	100	97	96
"c0c7361d79a6ca69c9aec1241f0d50dc"	100	100	100	100	100	100	100
"1b0a40b11fe56f603dc4a9cb18c629ca"	100	100	100	100	100	100	98
"3517f11fefdd37a6535c746aabb231ba"	100	100	100	100	100	100	65
"aed73a6d8d51eb3c2f244218c299db47"	100	100	100	100	100	100	86
"80f6b6dd21d169be405f984c6b908419"	100	100	100	100	100	100	100
"e8dd2ddfedefc031174924dc2ef206ca"	100	100	100	100	100	99	68
"1b6436e2730574bd56f86541b014f3c5"	100	100	100	100	99	99	79
"942678e8e61724ffd827223c2a41fa78"	100	100	100	100	100	100	83
"03e22e4ee5f9ced045353595c8685de6"	100	100	100	100	100	100	82
"b639a4f7fa399e38135e8644c5608100"	100	100	100	100	100	100	83
"7b5b21a9283544b8d9a89c30a7e3471a"	100	100	100	100	100	100	100
"1fed6444f3bdd05686a1bdf9821b0246"	100	100	100	100	100	100	85
"effd25ca79469dfaf20ea6573b98fb14"	100	100	100	100	100	100	44
"853e5889b4117d995e7df4823db1a33a"	100	100	100	100	100	100	100
"eb6d2468dd7e689d2f78f195e0efbcb9"	100	100	100	100	100	100	96
"8550b3309f0e1d6d0260eb278d68abe0"	99	82	80	80	80	80	80
"27492133bb3a386e2e46559efa6f2ea5"	100	100	100	100	100	100	100
"b831f2fb4e58dbc57435a1de5df60ee9"	100	100	100	100	100	100	85
"8c8d3bae64e3e13c0d1c66327941bdbd"	100	100	100	100	100	100	97
"b8229c9e7fce35aa8999f0744b42294a"	100	100	100	100	100	100	69
"6ad85844a1aad2543dbdc0c0fbbbe6ec"	100	100	100	100	100	99	84
"aaa1adc07048b9e15761e06a360714ed"	100	100	100	100	100	100	85
"fcd5fcd4566dec36d51d7b9324118b99"	100	100	100	100	100	97	97
"1887ba2f8aaadad10e09db7286793e72"	100	100	100	100	98	86	51
"94a9f96d243c788ed4bb271bdc93f87b"	100	100	100	100	100	100	99
"e40c2c08ecc001618522298eb8c8a7bf"	100	100	100	100	100	100	42
"b279552da9e7c54f13bff087182327a8"	100	100	100	100	100	100	43
"9ac6df58aab7d27930129b4b7b5cc468"	100	100	100	100	100	100	100
"90afb0294b324505db154b14c15c40f9"	100	100	100	100	100	65	45
"cf669acf28e04b7bc083cb6509a08d69"	100	100	100	100	100	100	99
"a27a25e9fef7112450b55aa9141e7b7e"	100	100	100	100	100	100	97
"9ca951375a3d9e18cefd5f76714445f2"	100	100	100	100	100	100	62
"540f911162e35964bed5cab740ab4da9"	100	100	100	100	100	100	72
"4f14c4a0ba121d302779cfa775fba0bc"	100	100	100	100	100	99	99
"ae258ed43579f37cf3af4eec7fa26762"	100	100	100	100	100	100	99
"2ae18c70c7a92f756ff00cce43e7f32f"	100	100	100	100	100	100	79
"2df3bf31bbae43d359fc6ee40543a83f"	100	100	100	100	100	100	76
"e9c15e58d64de7489ea98b8e55c142d7"	100	100	100	100	100	99	97
"1099b4aa9923a5293e8853f726c5855c"	77	17	15	15	14	14	14
"8bfdde1616fedc357a63c1f67f45caba"	100	100	100	100	100	100	95
"a3e4c1a0852445ee8d72fd46821ac8a6"	100	100	100	100	100	100	91
"fab529ece75e6c20df5744a7b3d95c17"	100	100	100	100	100	100	64
"2b4fd98bd84fc003e7430b45fdccd4a9"	100	100	100	100	100	100	68
"6ab766fab66abd2a6fb4a5dabb0e6816"	100	100	100	100	100	87	57
"1658174812f3981eb10a2e61b8c45d6c"	100	100	100	100	100	100	100
"87da312f65fd546622d03028c8e3e203"	100	100	100	100	100	100	99
"3a7b55b5afe6f6f346748c825bd5d4f6"	100	100	100	100	100	82	59
"caf99bd7dd3c14ce706742cd3b75b85e"	100	100	100	100	100	100	100
"dd3765d0b863241177b62572db333c52"	100	100	100	100	100	57	45
"119e2451a26da919a86ecf0a4570de2d"	100	100	100	100	100	100	100
"524d48ccac448126153e45738c33074a"	100	100	100	100	100	100	99
"9bdb84ca63e7999609138196cb49c05b"	100	100	100	100	100	100	100
"af251490c45fa90a1f2c8875cd31681e"	100	100	100	100	99	99	83
"8ac1dfdd3ed22db3accedb5b89d616a6"	100	100	100	100	100	90	82
"b14a6c1775fe8be946ad9fb1c89dfa76"	98	73	71	71	71	71	71
"8c7db17065191f474c531afe0c564f56"	100	100	100	100	100	100	93
"63135a4389788d3551f45fbd00017dee"	100	100	100	100	100	100	100
"53b120a6285746ba29a79c865692ef83"	100	100	100	100	100	100	100
"695b27e6b33ee2088c39d4443934a0a0"	100	100	100	100	100	100	100
"67d09b3b83d101e58574e7ce34c21ea1"	100	78	77	77	77	77	77
"f921c94eb15a6bd30791be200f8253ce"	100	100	100	100	100	100	96
"84a6dc91169a001fcbd6dcc980470668"	100	100	100	100	100	100	87
"14d9f54d06a1d9e33e4207bb6e514995"	100	100	100	100	100	100	99
"4ba39be2f1b367245c787eaf2f465a7b"	100	100	100	99	32	31	31
"c9942af8f8e2dbcc47a888b13bb6bd39"	100	100	100	100	100	100	100
"f3b65fc8ded9dfa4419ec08ff9260f0b"	100	100	100	100	100	100	100
"1e6e5850b3c2586d9d40c7f6fb829866"	100	100	100	99	65	33	15
"ef66c1a3ab80458e327516ed62fe9dab"	100	100	100	100	100	100	100
"99ca803d68623cccf7ee837e199fb7a5"	100	100	100	100	100	100	65
"5f382edcdbad202ce53b5c132eaeb86c"	100	100	100	100	100	99	98
"4887a3592303a36e5cb8ad734def9ac0"	100	100	100	100	100	100	36
"d07b2c123d8e945bb599d824babf6efe"	100	76	74	74	74	74	74
"a3794057d428c05db5d566e00cd3cc19"	100	100	100	100	100	99	48
"d8cb61573f3067b1f9f4b8cd21bdb515"	100	100	100	100	100	100	100
"aff1ccb1e3bfbd83557b2dbdcc389be8"	99	79	77	77	77	77	77
"bd0bfb5f6a3d381e3c5ceaacb650ace5"	100	100	100	100	100	100	100
"855e8b429693357ea117b760df861aea"	100	100	100	100	100	100	100
"be59b456d92d287f06bd93cedb4618f5"	100	100	100	100	100	100	34
"3f14dcda2ffb2ce452ad85bb216ec3b6"	100	76	76	76	76	76	76
"79dc9d8cac6a3889554a3e7675a66ba4"	100	100	100	100	100	100	89
"25f3136d317bc20c2b4d7b5fe4bbaaf6"	100	100	100	100	100	92	56
"fd81aa95614ea0cb289e4c10008e520c"	100	100	100	100	100	93	83
"8948cd46fe63d1c36c9713f6d0f07786"	100	100	100	100	100	100	94
"508bc737a940c2a888f08dc50f309a3a"	100	100	100	100	100	100	76
"470dae51ea77dcac46c768111ce48c1d"	100	100	100	100	100	100	100
"6fa44d4bd35fa8ad2792601b7b2d44ab"	100	100	100	100	37	35	35
"243edb7a01113e6923a803933237f1be"	100	100	100	100	100	100	75
"7f9221b1f7a125c63f05df17ee39d52a"	100	100	100	100	100	100	90
"2d740621a1b6fbbbe850cb6a94c9b4c4"	100	100	100	100	100	100	100
"3d197a1848fc20f492d7af7889acda41"	100	100	100	100	100	100	100
"503fb79b3bcb00aa67458f85c535417c"	100	100	100	100	100	100	46
"2a5f8767ec069723322164426058bd3f"	100	100	100	100	100	100	100
"51c59213e6fecbec87629a58c0730cba"	100	100	100	100	100	100	100
"11ae5ed38d3b93f89c216887878f016a"	100	100	100	100	100	100	45
"37ca630be7d87ed7daa16be31e19357d"	100	100	100	100	100	100	84
"3c136d77b5ff651ef29e97ecaa355e42"	100	100	100	100	100	100	27
"033b6f7b3d18cabb37834daf781a44f6"	100	100	100	100	96	96	94
"faad417998e4c5456aee03de1a8360c0"	100	100	100	98	85	44	44
"65cb348a372ca41d9fc640cbb836f934"	100	100	100	100	100	100	100
"3b8b6e2fdf65991a63de20a2a49a0e30"	100	100	100	100	100	100	33
"2a1c1ad4bf4634e85d6e0ca5d6cc2475"	100	100	100	100	100	100	78
"f94985a694fccc1a48ffb94f8aaf099f"	100	100	100	100	100	100	45
"c318d570dc5436a5c7d990c38be6d928"	100	100	100	100	100	57	55
"3b3a7deb0f02d9d3edce9f06cc4171af"	100	100	100	100	100	100	81
"0b49fca238492c4df8a76edee7996ba2"	100	100	100	98	70	45	22
"d721dfa754bce9fd62a8160ea9cdb863"	100	100	100	100	100	100	71
"f5546b0434a995ba9f2e4b23df853d4f"	100	100	100	100	100	100	100
"38b4f8e015893d58dbe3ee098385e952"	100	76	76	76	76	76	76
"d0890e7f1f4a20ad8bb6c337e1dedfd0"	100	100	100	100	100	100	100
"cdfd8f33f4d14656a12e43539c84360a"	100	100	100	100	100	100	100
"bd01c2d0f084b576ebd3fc39253e1cff"	100	100	100	100	100	100	100
"dec38a62256017f36fb8023ea0a9263b"	100	100	100	100	100	100	100
"bf6a3dcc990a929b0993861539d02feb"	100	100	100	100	100	99	75
"248f62daad6eca9ad2781d06669f0294"	100	100	100	100	100	100	67
"de301a83b473b45449fff87aa2fd9864"	100	100	100	100	100	100	100
"19158edaa4fef6b1dcac07433c6a6c4e"	61	11	9	9	8	8	8
"d259ff13bc73ddff2540e9a0725c842a"	100	100	100	100	100	100	100
"8b288422b78c1444000a5160b452a67d"	98	70	70	70	70	70	70
"4da5b7ff17d9e31cbf393edc3286d63c"	100	100	100	100	100	100	70
"fb3179ed0b48039a1e4c1d72364e9b39"	100	100	100	100	100	100	45
"b35b573d07268b253431f8d93b961bfb"	100	100	100	100	100	100	68
"f29a1618b9a998e0010e9cf872909657"	100	100	100	100	100	100	38
"2819ecd498d728a669fcf4818e074714"	100	100	100	100	94	94	84
"e9c838991bbab57a80bf8943f2f59eaa"	100	100	100	100	100	100	89
"33d44f280b790595f4c423aa0836c517"	100	100	100	100	100	100	42
"984c3a1a589bbc162820963e0f45c715"	100	81	74	74	74	74	74
"3bc1433c07bba23a7458abf5bfa90705"	100	100	100	100	100	86	52
"2116f8d2984f12ba0a3b37c10cabc51d"	100	100	100	100	100	100	80
"9d87ac82fea190e8eadc64f08ae5a373"	100	100	100	100	100	90	59
"43db48f6914d41d0a59b26373996b06b"	100	100	100	100	100	100	100
"09564eca07cf95dcf3732b738bbb320e"	100	100	100	100	100	51	36
"2100b05faf4b6959fd59ab8176367865"	100	100	100	100	100	100	100
"10675c94d259e11ec7bcd66286ab40ef"	100	100	100	100	100	100	100
"8b88060d7641858874e9a8ab3a25ad6e"	100	100	100	100	100	43	43
"cf38f4eb137a1651a5c01a370af34827"	100	100	100	100	100	97	32
"f6f4d917d1c21f635e431a33f59e51a8"	100	100	100	100	100	100	100
"c10ee4746c60b27425e8378d6c86309f"	100	100	100	100	100	100	100
"54b7fabcb4f4472b7fa0bbeba8a28b70"	100	100	100	100	100	100	46
"40a460e26a501c5ae26f38627dab6991"	100	100	100	100	100	100	87
"000bff2391d9386457d9311d51f3259f"	100	100	100	100	100	100	100
"41e4f9a750ff3d3d94fbfcb45a836848"	100	100	100	100	71	37	37
"f4ea4ebc89e53fc28366a27681fc5298"	100	72	69	69	69	69	69
"317e28167f007bc854489368e00be179"	100	100	100	100	100	100	71
"26f8b71b08a8a882e7c162a16401c363"	100	100	100	100	100	100	91
"dc759a2a6c821663990a535f3b1d26a2"	100	100	100	100	100	100	89
"13f4de3b92b0dc84df472b55ab8c334a"	100	100	100	100	100	100	100
"3267dbbc920cf781710afcf4c0240c67"	100	100	100	100	96	95	85
"1dec5ac89a9b5fdfb3ec8dfa67bf1ebe"	100	100	100	100	100	100	31
"bfe969161a7f39c7eb9ddf31f00c1a47"	100	100	100	100	100	100	94
"5fb3d093fee7299d52552b58c54e6d96"	100	100	100	100	100	55	35
"91f0ee4114dafa35b08236e3ceb6b2d0"	100	100	100	100	100	56	56
"2151f9c83b14dcedb5f14e9f48544ffe"	100	100	100	100	100	100	100
"6b5c6dd5407ebd23da712b200bc7f9fb"	100	100	100	100	100	100	21
"4fbfe89f0974631bf87a972602944667"	100	100	100	100	100	100	82
"2e25c2d94e8d1a2f41243592090f4d40"	100	100	100	100	100	100	77
"e70c5785db3785a62a0d6ea05aec019b"	100	100	100	100	99	99	99
"10d0d576b8e6305ff7c2c68aad184175"	100	100	100	100	100	100	100
"e1399134ecdfb1249142cc757a4298db"	100	100	100	100	100	100	75
"e858e6c22aaaed7850ca3a1c26c493ec"	100	100	100	100	100	100	100
"164f89ed844347db1901f56d2dfbdf42"	100	100	100	100	100	100	97
"fcf17d83356445c3a0ad8e29551706c8"	100	76	73	73	73	73	73
"4a3148765301e494c4bdc33fdc95576a"	100	100	100	100	100	87	67
"4df62812eb81ffea24e2d63cd547639c"	100	100	100	100	100	100	77
"994cfb438a55168fa6b7ace044a74681"	100	100	100	100	100	99	82
"76afe8e30aac105bbc41c7847dae735b"	100	100	100	100	100	100	100
"ea9a2ed8cdc4cf6c96e7b3a4a6c531cc"	100	100	100	100	100	100	89
"30445ee8b6b92a68d7a37d568eb4d74b"	100	100	100	100	100	100	69
"f07ea1716c33acef84883e60ab8b2a28"	100	100	100	100	100	100	100
"b9070b3377b1e0088bc0806870d5d37b"	100	100	100	100	100	100	41
"b9620664e8ab3287a6cd1d9383f8d00a"	100	100	100	100	100	100	100
"52093527af7536f84c08d2795fab6d9c"	100	100	100	100	100	100	89
"e8fa5af0a1a81f4886d12891d8d7a85a"	100	100	100	100	100	51	51
"eb60ff21a7e1fde976b7be47c19e1f4b"	100	100	100	100	100	100	100
"d9df40be954e8bd60451d237423d89dc"	100	100	100	100	100	100	97
"dd5b9b48f4064755a79092f7aa73fced"	100	100	100	100	100	99	79
"ec24bad15539623a5f8e25620836f14c"	99	80	79	79	79	79	79
"0232ed1a49829b11dcae2f2f85d3338d"	100	100	100	100	100	100	100
"d56a6e9f27f7ab73b166d205d56c611f"	100	100	100	100	100	100	39
"33aa49f008a005b9b8872f18601efdd1"	100	78	77	77	77	77	77
"7e911bdce1992bd03d1e511b1505a381"	100	100	100	100	100	100	23
"5a8230564fd693813614a85496aea098"	100	100	100	100	100	63	47
"59d22bc1174ec88aaedd5e27e86d48f8"	100	100	100	100	100	100	100
"2d00e3351306dd5e52901b84eaf904ec"	100	79	78	78	78	78	78
"55098c94b429301a73112e21fab32231"	100	100	100	100	100	79	59
"149515404c3a74d36717acedef558f1f"	100	100	100	100	100	100	84
"3a79871044c274a86dff02d7b3f4f2a3"	100	100	100	100	100	100	71
"3437260a40364e1def4b13c0b9c7fd79"	100	100	100	100	100	100	100
"9f8ffb55d1e60cae125a57f733c5a569"	100	100	100	100	100	100	78
"5f3e5a62997316495879777454393e67"	100	100	100	100	100	87	40
"0ea453a6c5cc1070319e7dac182488f3"	100	100	100	100	100	100	99
"e753d0bdebe7502e20456f34875d72a6"	100	100	100	100	100	100	100
"c7fc7b4c88130da29e1b7702f67e314a"	100	100	100	100	99	99	96
"13a7128134146d818b151e2a58645159"	100	100	100	100	100	100	23
"d3c12920a172c9e4a1566a7a35253be9"	100	100	100	100	100	100	71
"53b26ee01c3ebefe2c241a9f56ce7e7d"	100	87	24	24	24	21	21
"840ba010d0750f2563aaa13e4a1668fc"	100	100	100	100	100	100	79
"e87181429414246e9e6c16741119441d"	100	100	100	100	100	100	74
"1df1fc7a7209fd94452b48027386e637"	100	100	100	100	100	100	98
"6c2d438667840799bc5b8bbd0fb91c62"	100	100	100	100	100	100	100
"0ad334450fff2f3ad547fb046bfbe69e"	100	100	100	100	100	100	97
"48aa0825299dd950ae52cf555d28edb7"	100	100	100	100	100	100	90
"3dd0f8de501087e0c348bb82586a110c"	100	100	100	100	100	100	100
"fd755def7fc27e2b61fb4f14c94cdb7a"	100	100	100	100	100	59	38
"7e531da7bd77e09539cdfe56f678b337"	100	100	100	100	100	100	93
"43e0baef05996ee776ff443351ee61e0"	100	100	100	100	100	100	98
"9aea60523bffecb8cd5c36d16570fffa"	100	100	100	100	100	94	37
"77a7cc09e7062389bf42c423d4450d1a"	100	100	100	100	100	71	42
"5289647671c0cb03247c99bd9792c9f7"	100	100	100	100	100	95	52
"7b31efc67dbca4c6494af985417a4cfe"	100	100	100	100	100	100	100
"c938cb6780252afa9b8285c4805859e8"	100	100	100	100	100	100	95
"3073395eeb273c18ea586ecb5f4ac446"	100	100	100	100	100	100	35
"fd2a730dea9b7352434a6bd5ea45d679"	100	100	100	100	100	100	88
"ac0ae0d2040dd956a42aff8140c90647"	100	100	100	100	100	74	57
"ac28c330327913e9c8ef9cb5f2aa0fdf"	100	100	100	100	100	100	94
"f48a319ed4018889dc3797965789085b"	68	10	9	9	8	8	8
"a1ab24f6e6fa9d57eade513399203f02"	100	100	100	100	100	100	99
"122e70958a7430918c2b34386c8b4439"	100	100	100	100	100	82	42
"3daa45cee328a0459417a3e2fe1419da"	100	100	100	100	100	79	29
"e275c7f6edd2c28087a2929e65c5de19"	100	100	100	100	100	100	36
"6929c3aaf5c469818dcad20ee4f1177a"	100	100	100	100	100	100	100
"adf35e5ce88ef36f929b6c17d0fea834"	100	100	100	100	100	100	100
"5037e5c58d0d5c71ac8144a7c2eb5b56"	100	100	100	100	96	96	95
"3c65bd810e07ef0d1d20142dcc56f1ea"	100	100	100	100	100	100	100
"412b85787114e1a8fac394957be6a969"	100	100	100	100	100	100	96
"829bc89fea40202fb628d8744a303e25"	100	100	100	100	100	71	43
"9aa342e54a25caf91898e9e01fc1c6b4"	100	85	33	33	33	21	21
"3252c30e2970a0adbe3b520d88c3695f"	100	100	100	100	100	99	47
"a4463b78c296b0a169bd5d3c253d439f"	100	100	100	100	100	91	40
"66a0cf02dde0967d532ac60386204dd0"	100	100	100	100	100	100	100
"0dbf68d8f8d6f3926983b8a61f3b5c44"	100	100	100	100	100	100	100
"defc2d1a290cd47c714e7f2110c8f985"	100	100	100	100	100	100	31
"464a89f6d638874ccf8b16ea87c5f3be"	100	100	100	100	100	100	100
"7abde720e09b63c030576b507a7b7955"	100	70	68	68	68	68	68
"512395b77e24ff102db262fa2ff2d3af"	100	100	100	100	100	100	91
"58678ca8f41f18c495c03468cbfd67c1"	100	100	100	100	100	100	46
"04cc91be8d1472eb6f44a1e644d6ed56"	100	100	100	100	80	40	40
"eff78829fa64aadedd996f938beec20c"	100	100	100	100	100	100	100
"6bed7fd879798a2030074f7139cb6f88"	100	100	100	100	100	100	70
"a21a573975b2f495efd4f923a320a8cd"	100	100	100	100	100	100	100
"4d867297df9f7f86404b8cd040d3baf4"	100	100	100	99	38	38	38
"1175763d01d89545000feb71ffd9dce2"	100	100	100	100	100	100	62
"8658a7e5494dc5405aa39fe5d03c857e"	100	100	100	100	100	63	45
"9afe31f3d1046293497f54500c893993"	100	100	100	100	98	98	94
"badd47e1f05417463ec3a7f4dedf78af"	100	100	100	100	100	100	100
"c49106ff68e3ff805521bdc4443acb96"	100	80	79	79	79	79	79
"6016ae67046d181d966dfba7170e46d0"	100	100	100	100	95	95	95
"730d901d8a590002196fbbef1ad3e237"	100	100	100	100	100	100	99
"3c67cb55553298b49c403e452d82ea9e"	100	100	100	100	98	98	96
"e67b48a660c6520843dd04014639faeb"	100	100	100	100	100	98	98
"774b0c527305029b940a6b603216fc47"	100	100	100	100	100	100	100
"8e958e54b818c13ba018335d45a73325"	100	100	100	100	100	100	93
"0bd057a1f9b7fa7ebac2402fa96c6b58"	100	100	100	100	100	100	67
"a6325cb5391e5e12f338ebe08844c9c5"	100	100	100	100	100	98	98
"6aa9a5704f6b072bc89e4bb2c92946b2"	100	80	79	79	79	79	79
"ac04dd1806afbcedea319d439cfda7e4"	100	100	100	100	100	100	100
"c3ddb92001f8efda1031ef1117de3483"	100	72	69	69	69	69	69
"76649a34902d6aeb3ea1c06a04431880"	100	100	100	100	100	100	33
"1d21f437330340050be0fbfe541ee57a"	100	100	100	100	100	100	100
"70ab6f4d2a52f4905b642b9be776eb55"	100	100	100	100	100	100	36
"717ea9740a7f42b7cba11508dac08662"	100	100	100	100	100	100	97
"688a4fee2b94e269d83320ef940cc7b8"	100	100	100	100	100	100	92
"6bb99bf5e324da6c70d9562175b24025"	100	81	80	80	80	80	80
"ba04e31d0e31f9a948f60f28d0c2d886"	100	71	69	69	69	69	69
"04a91b03ff556f3f970c751519c124f3"	100	100	100	100	100	100	78
"2b2f93324c392efe464144fc2822bf57"	100	100	100	100	100	100	100
"97732cb4af09e1633a445095e92902cf"	100	100	100	100	100	100	86
"5e3a87939475531f263eb8e712fe8314"	100	100	100	74	74	17	10
"31da15a756be5e8040782a3fc2f5e8b1"	100	100	100	100	100	100	71
"519564c51493d101aeca7fa75415917f"	100	100	100	100	100	100	100
"9c81980c6cbc06c612af2d63607e8d10"	100	100	100	100	100	99	81
"68297e5af58fb45443957d068f790f82"	100	100	100	100	100	100	100
"b103a0d39248063fcfdad275112bfff6"	100	100	100	100	100	100	98
"7a87b66b8e69448f9969b045dfc5dc2c"	100	100	100	100	100	100	96
"ab711d45fa04e4d3185ab06b4fc46a38"	100	100	100	100	95	95	89
"6848599c79bf2f2fa63de7c56f9cec9f"	100	100	100	100	100	95	46
"fe588cd2513c6e7d6c3bac1f845c9e3d"	100	100	100	100	100	100	100
"1e548b36ad8b4e8657af83531447f8ef"	100	100	100	100	93	93	89
"868aa6b6b3f155d01e47e9e38b0f9846"	100	100	100	100	96	96	95
"55f8ea2f2b02511c646cacd4e1ec040a"	100	71	68	68	68	68	68
"0cba5ce54c95ae675f8599d89f1bb28c"	100	100	100	100	100	100	100
"e1ec654e3262d07640ba6dfe90bb2903"	98	67	66	66	66	66	66
"a5f83c600f1758db2a1613a62dd04446"	100	100	100	100	100	100	84
"30a8c4ae25ff0674b44250333b175158"	100	100	100	100	100	100	100
"779dd2fb20d22a247b046ebc4442a9ad"	100	100	100	100	100	100	93
"4d15dced3174a5b73b387c4fddbd98ab"	100	100	100	100	100	100	49
"f60b2cef8723f14222c02dfa5a5abbba"	100	100	100	100	97	97	95
"8fd29d7dd251aeda9f6b86b838e4c735"	100	100	100	100	100	59	59
"0a19ffef234d2f6989d04ccf9d735ea7"	100	100	100	100	100	100	92
"2eabf9474a147b3c4f44b220db37078e"	100	100	100	100	100	100	100
"248dbbc400cfbdfafa56f95471461d48"	100	100	100	100	100	73	53
"44ca6917f7456d08281e9c2cf035dc61"	100	100	100	100	100	100	39
"ce7c927b33ddd376a1d89edaee4ba923"	100	100	100	100	100	98	98
"d951ba3fd00464265512f7062c4649a6"	100	100	100	100	100	100	78
"157b8d61222c0ee6a567d0c876ed6f4a"	100	100	100	100	100	100	91
"323109bcac733f0c027b960f5b5ff567"	100	100	100	100	100	100	70
"1cf738df35450c11a78f6acac7f40f74"	100	100	100	100	100	100	100
"82019a34a8ab0b0328b33ae89f0f640c"	100	100	100	100	84	40	40
"8a9cf888bcd7a7f3af27975d54cb854c"	100	100	100	100	100	100	100
"b71b7d4f5649c739168527826b34f102"	100	100	100	100	100	95	44
"39f923a12351dfc92e1f66280080139c"	100	75	74	74	74	74	74
"e686bd3e6234fd4a790efc87f3c58ac8"	100	100	100	100	100	100	73
"0a117c18726e1a117f10fcf69611dc9d"	100	100	100	100	100	100	100
"3dcedfc01b7a17a448a84673bb77fa32"	100	100	100	100	100	100	78
"0083471f703881fa72488ea96013b3f8"	100	100	100	100	100	100	100
"76f2d8206805610e5e708086d7d2ed4f"	100	100	100	100	98	98	98
"dfc5fc174347d4eb263cbb2d6da2132c"	100	100	100	100	100	80	34
"4eadff6132d48ca52c12bed586aee3eb"	100	100	100	100	100	100	60
"c94b92aabbcf5c0d60415a033c781b87"	100	79	77	77	77	77	77
"393c6415bedf8865304672e343ac6083"	100	100	100	100	97	97	95
"53cb956466cdb133542b4e4519fcb2d0"	100	100	100	100	100	100	100
"9202c8c26d25f49ab238a55274025086"	100	100	100	100	100	65	52
"9f0123c6edc03d0262e3316832c62380"	100	100	100	100	100	100	80
"3d7d72b518704f26ba3b04233205f680"	100	100	100	100	100	100	100
"e785df30442ac9169820026da0a9871c"	100	100	100	100	100	100	100
"b526e9c2fd09db4571c5f3946e5811f6"	61	16	16	16	16	16	16
"738cfbc2ac4a61cf7172a1055342455e"	100	100	100	100	100	100	81
"3584034ba490872d1a411f438331a867"	100	100	100	100	100	100	91
"316e21f452cc9ce29cf401ea927ea051"	100	100	100	100	100	99	99
"c41ebee6e25b9e3cf488866892706bbd"	100	100	100	100	97	96	96
"9c56abde37d8683b1f8e55a3b8eed82d"	100	100	100	100	100	100	48
"0ada20e40fb083c5c3177e09d67266c7"	100	100	100	100	100	100	82
"cdfae549293a72087b5b1c4980d2634c"	100	100	100	100	100	99	99
"00d9d5cd58e7435e1c7eb6071ffbee0d"	100	84	81	81	81	81	81
"145eeb4fa14e8c33202ba8a91ce7d64f"	100	100	100	100	100	100	18
"e002ca13606f8a8ab88a8c5bba7b3e5b"	100	100	100	100	100	100	100
"ed78331af3994f1d684f4bd7e9044911"	100	100	100	100	100	100	100
"204600359f07a47837c0642aea6d554a"	100	100	100	100	100	100	28
"907e7a67d6b7373679e8360634d71b03"	100	100	100	100	100	100	62
"374762b9e0c67f173b5c7b3552fa256f"	100	100	100	100	100	100	79
"d9ec8587c55faf1a0931c12286946c8a"	100	100	100	100	100	100	100
"1a134c79e520f3937c98fb70281031a0"	100	100	100	100	100	100	72
"4e5f3797a4087b780962fd5dde553bd5"	100	100	100	100	100	100	100
"c3cc314e746d7cab841dc97b0e28f070"	100	100	100	100	100	60	60
"3b24b40eebdb6724f65998568cf0d352"	100	100	100	100	100	99	99
"cd0af404fc96bd763a7eb66a16ffb137"	100	100	100	100	100	100	97
"4bb4dcf4ba29ab5adf9bb756e66f3b0f"	100	100	100	100	94	94	85
"6bac8e39b0e6c1905f81bbe070d56968"	100	100	100	100	100	99	45
"4be9615277250e28dc7d9718567f2acf"	100	100	100	100	100	100	100
"a1a1b2256eb0d2128a1d7d8905599ee6"	100	100	100	100	100	100	78
"2b35a21456f7e1a43fed9e6db7795069"	100	100	100	100	100	100	69
"028a850721c5137fcba32d68517a1065"	100	100	100	100	100	100	98
"1506237b5980964b50a278feb17ad919"	100	100	100	100	100	100	15
"72960d5654dc8da1daef07e419dbb4bd"	100	100	100	100	100	100	81
"27c8d00455b784feb84f5627d9e88564"	100	100	100	100	100	100	100
"9467edc44b3f39b02b95e0d334c191eb"	100	100	100	100	76	37	37
"d1cf5d5159ee259aa2cce5ce7f4908c5"	100	100	100	100	100	100	68
"de27e31a5bd08f289c8215ecc26adccb"	100	100	100	100	37	37	37
"f663d18a2481b30398379222932f517b"	100	100	100	100	100	100	100
"23401bf5972ecd4b555d813f85103c47"	100	100	100	100	100	100	100
"ddea3a796d3a8bae525d40bdd7f384e0"	100	100	100	100	100	100	66
"fe73ed6cb0b080a569b2c0a4b7b5a4f4"	100	100	100	100	100	100	100
"b1673ab5eaa7ad3ece6218f7b775a373"	100	100	100	100	100	50	43
"e9ea24e521b0bc58a2d0198013ca56fe"	100	100	100	100	100	100	48
"6b9de6a1ec592d62fb109f144d963c6a"	100	81	79	78	78	78	78
"feae5773705339eff0f52d53c52275fb"	100	100	100	100	99	99	92
"89801665e636a06587b8ab771d73e41f"	100	100	100	72	72	26	20
"36834486b68cf60d5f9ed1c321a7cf34"	100	100	100	100	100	100	65
"29a8237f584f7f55a0c42163bf2dec4b"	100	100	100	100	90	90	83
"2c61017a6a59243d136dd90e17ecb13d"	100	100	100	99	34	34	34
"4ec71c6f9b0e380d3258b270bccf0cff"	100	100	100	100	100	100	100
"92fff59996427df70f19d30966579ed8"	100	100	100	100	100	100	72
"1420edd01f8fc5db11317a72702055cc"	100	79	77	77	77	77	77
"d35db3bccacc3bd9b072c587c8f8a68e"	100	100	100	100	100	100	96
"95d97e5b9eece861f43baa1874e2da45"	100	100	100	100	100	100	100
"4246c8833d7cb8942f4894d33e43aba4"	100	100	100	100	100	100	95
"278fb098b7ec6759a095449702dcc325"	100	100	100	100	100	100	94
"cdc1d4c02f38e059b7f313f3997bb75f"	100	100	100	100	100	100	100
"8e4332490187eeff4db4f5d9194c98dd"	100	100	100	100	100	100	100
"fecc287966cb60f3a24f290b919d763a"	100	100	100	100	97	97	90
"7b59f8c4aacdc5f42ad58a110271333d"	100	100	100	100	100	100	95
"1f4d007439399e224c917d76a9ba792f"	100	100	100	100	100	100	47
"2d56c3c1e9f9a3a1606eb1b139d07e6f"	100	100	100	100	100	100	17
"8c9bcec53806ca81a6681446a8638d41"	100	88	84	84	84	84	84
"6c83125383e3834dfe1b7e2b88c91319"	100	100	100	100	100	100	39
"d6113f7099a5bf225ed09697d531820a"	100	100	100	100	100	100	86
"04867d20833f1db166856e5854f211bc"	100	100	100	100	100	100	78
"e0f6226fe927838192ed2f6a386520fe"	100	100	100	100	100	78	57
"64fbe1797555d1be97023effa8f45410"	100	100	100	100	95	95	91
"a4cd71658ed67a6f8d500192801243a8"	100	100	100	100	100	100	89
"ee0f489eb2be3deb99d7ef07aa52dc9e"	100	100	100	100	100	100	68
"35dbc3143ea2fb77c59179dc1b76e778"	100	100	100	100	100	100	99
"fafe87f4e21d75ea807aa5fae1de2132"	100	100	100	100	100	100	95
"89deb2a81367157537b389a7ee1fd6c5"	100	100	100	100	75	42	41
"78b29b75c84bfa0c1eecf0f7e4db9b51"	100	100	100	100	100	100	91
"3857260bc4bc3507c2271ad47310442a"	100	100	100	100	100	100	100
"22e19f0088cd98e3c982b5a1257970c7"	100	100	100	100	100	61	61
"eb54e46ea0801d3045cf3127506bab5c"	100	100	100	100	100	100	100
"71f01c125a5e94077308b3cfd164ada8"	100	100	100	100	100	100	88
"c868542a362a6a1aacbe8817ea2dd98a"	100	100	100	100	100	100	48
"9196e966ae006c45e29f057f25fe5d57"	100	100	100	100	100	100	55
"8e1a2c090a3e341a75a14ec1852832d5"	100	100	100	100	100	100	79
"2fd4549095920de14e86f48deeb62ff2"	100	100	100	100	100	100	97
"b4201080fa9d5405ef053ef34b329b85"	100	100	100	100	91	91	82
"b5adf20f185e8fb573dbb8b9c612b1dc"	100	100	100	100	100	100	64
"07f58e7df948b1a831b5f28d1d624f9f"	100	100	100	100	100	100	100
"ad9859655ebab3980407966de5e45959"	100	100	100	100	100	100	76
"d95a4caf559829122bf05e3520766cfb"	100	100	100	100	100	100	100
"44ffc1422dc2740add9b7472e09bd05e"	100	100	100	100	100	100	23
"83fb17d3e58622d0e77f56ea113bcfd6"	100	100	100	100	100	100	89
"f582c670a23f6c40e15009d12eba3ae7"	100	100	100	100	100	93	33
"39c34c5c40273ae7eb24b1e60b943417"	100	100	100	100	100	73	26
"e385be3b912c43f4cb99cb88b0530dee"	100	100	100	100	100	100	76
"0d6b802641841d77ae3f80269bb68e59"	100	100	100	100	100	100	80
"1a8a8771f32dabf0ed3a538a094e784b"	100	100	100	100	100	100	68
"72492717b721e2e6343ba493c9719e2e"	100	100	100	100	100	97	97
"9e836d34805a5433c4689b524ee6dae5"	100	100	100	100	100	100	30
"e5d6953139b75782c015afff41d48483"	100	100	100	100	100	76	49
"cad949f90507b0d0ac98b420ce4dd33c"	100	100	100	100	96	50	47
"041bd60229b9d7eb7d247ae8b0802b7f"	100	100	100	100	100	100	96
"cebc390d5d576558edacfb61f376f7b6"	100	100	100	100	98	98	97
"9da202c97035c730f23b2b7a26e5c1a4"	100	100	100	100	100	97	33
"147d6f8c79b27830cd426b13662edc32"	100	100	100	100	100	87	32
"ba85b342571dd19629e463ded17c9d0a"	100	100	100	100	100	93	80
"c6219213ec7cc0feb91469e4bc165354"	100	100	100	100	100	100	100
"f5f8e2af7baf341682f4bf90fb0a4d37"	68	16	16	16	16	16	16
"7a1bd146dad62fb8085b339a8a0d85f1"	100	100	100	100	98	98	97
"b86b81e96bb84621b392184181f62a8a"	100	100	100	100	100	100	39
"b4194bee113fa4f047889d1ac49459e2"	100	100	100	100	100	100	100
"5d6d44e30817f917c506b1805cb8d06f"	100	100	100	100	100	100	100
"ac1c4642f0faec4cc9eab9b0048a1b1e"	100	100	100	100	100	100	83
"4afed1b97dac380779cbc28ae5ab2e27"	100	100	100	100	100	100	35
"5ec777fde73fd68ee870363094c5e851"	100	100	100	100	100	100	69
"6d0ff7f431d97f6b47868de258f3875b"	100	100	100	100	100	100	100
"86dae4942abdb45bb9e1078beaf964ac"	100	100	100	100	100	100	93
"f5e5d30ef260b6a046a7832560660feb"	100	100	100	100	100	100	100
"17bb331c668171225578a6b6aaed94cd"	100	100	100	100	100	100	43
"0b76b6b9aaba8aac2d0cbd3589c1d56a"	100	100	100	100	100	100	20
"ebc9f5d0fb38ad31fdeffc7b4f7680f4"	100	100	100	100	100	100	77
"be334f3444be5f766650f6610cc6148f"	100	100	100	100	100	100	100
"691d5fbd335b2be76c1c28d1fb42b1f6"	100	80	80	80	80	80	80
"0acb5a7af1f9b67501766725f6478ea1"	100	81	78	78	78	78	78
"b2ddfeed4395fa1b1e3434aa803fc742"	100	100	100	100	100	100	100
"c440902c84b7eb89ae178e531ebccf39"	100	100	100	100	100	100	100
"b39c052bef01217f2e297a308bcaa735"	100	100	100	100	100	100	98
"37d5a7a826f9fc64444ef4ed8bb57fb7"	100	100	100	100	100	100	96
"85ac07c972c5c587ed90c0ab290cb9c8"	100	100	100	100	100	73	47
"53200fc4df8a848a6a904c45c368f9fe"	100	100	100	100	93	44	41
"7c8cfb6873b077acc23c1faadc6fedb7"	100	100	100	100	100	100	97
"0f6beea4999b7c683428fbabd3dd2bea"	100	100	100	100	100	100	71
"34ea30c7cc07096772bedee217d58c3f"	100	100	100	100	100	100	92
"b4ee2e501ad8b75195eaf4ffb91636ad"	100	100	100	100	100	100	100
"86c92b7e0307ccbbfa7c2d4817cd559c"	100	100	100	100	100	100	56
"ade06e1069bf3b04f5ac24f2fac8b317"	100	100	100	100	100	100	100
"c57e2a219c844588c972e184bb885dda"	100	100	100	100	100	100	100
"5478c72a6aa75154fe104360ae708157"	100	100	100	100	100	100	49
"e8755e9a80ee9f085abb82aebe991f1d"	100	100	100	100	100	100	98
"6ed8b04f166f0a5d10c9c54196360c2c"	100	100	100	100	100	100	100
"c41d0e988dcd61202553b56c354b8005"	100	100	100	100	100	100	46
"ed08f30c601f9b0efb1faf5f627d2436"	100	100	100	100	100	48	48
"736337b1f15e029812c4c7dfe63596ed"	100	100	100	100	100	100	100
"20d2e239b45f08971eb070aa1b008c4c"	100	100	100	100	100	76	76
"f1def57c39e0f4fd33028440a92d1e64"	100	79	78	78	78	78	78
"cc23410ba2b5b32cb6357c5a464c0208"	100	100	100	100	100	73	13
"692fca05ca69b7e1123ef7a5e2733a09"	100	100	100	100	40	40	40
"6c83531769cc153d31f28cccf4433fc8"	100	100	100	100	100	99	27
"471c6b3464cd764e1293644b6660513f"	100	100	100	100	100	100	100
"a899a6b2bd13ed63b79b1f190e6499c5"	100	100	100	100	100	100	97
"674585550d2ec069f8cbd1bef302a777"	100	100	100	100	100	100	44
"2a16024eb53d86d1b5306cb12ae9a1f2"	100	100	100	100	100	100	40
"6a56e57204e051a0c1c88575c3604b9b"	100	100	100	100	100	100	37
"560fdb4907ff532b3f2715c120d51b6a"	100	100	100	100	100	100	67
"3961c4366bdb4980a28071a1b8711076"	100	100	100	100	100	100	97
"598b4f92dce53496ac135802f2be7f58"	100	73	73	73	73	73	73
"28eb751e57429f659825f271b5c7041d"	100	100	100	100	98	98	90
"a7b126f5dd2fdb6e5705de5b6cfbb68a"	100	100	100	100	100	100	100
"a5613fb1eac13900a6ff8c1734b5943c"	100	100	100	100	100	100	40
"852163939ea200b08138655f3fc7955e"	100	100	100	100	97	97	96
"c6a1923cf295ba34789e774a9cbccd57"	100	100	100	100	97	97	93
"d057167d25d40c625c520b7e5b9bfcef"	100	100	100	100	100	100	66
"79f62595c51933144b14cac529f71817"	100	100	100	100	100	100	47
"3194b2739dd46b671a7c5c3cc5f38430"	100	100	100	100	100	100	81
"d2012ca6d8134350f7fcb7dc1c549762"	100	100	100	100	100	100	85
"8380a7914e2cf0aef97fef42623e6aa8"	100	100	100	100	100	100	91
"f05251c2687e38881cc1c924f10c4dce"	100	100	100	100	100	100	54
"cf370266a8258eb4706d43fccca90bd4"	100	100	100	100	100	72	37
"e9cee426445b80ed24aa921e0fb07ed3"	100	100	100	100	100	100	100
"f8dd640b79c76ba5a1aa8911149311df"	100	100	100	100	100	97	97
"5abac888cc6ee937004c4c7f127520a3"	100	100	100	100	100	100	100
"eabecbd8d09d2db813233d3c5d97b825"	100	100	100	100	100	100	100
"b16c7b3dff682483580cb015880c7417"	100	100	100	100	100	100	100
"551286a93892f19ed7661c4672b6fc03"	100	100	100	100	100	100	93
"63419ac47a39c1b6dd6d3af759fe46da"	100	100	100	100	100	100	82
"2c3930f3399457265188e9791dc95bd4"	100	100	100	100	100	100	98
"16c771550af0a50ff02265b59e59ad85"	100	100	100	100	100	100	92
"389235214a474de18af4b5e353aa4ad3"	100	100	100	100	100	100	64
"240d6c48956db355541d11166655bcbd"	100	100	100	70	70	25	17
"dde0b63d4306d4a45fdf9b3a8dccba5a"	100	100	100	100	100	100	90
"3c6de1031ed738f6112608b122a42e02"	100	100	100	100	100	84	40
"e4765d10440609c6ab20eab10911ceb5"	100	36	31	27	27	27	27
"2975ebbd82ee86a3c5c75e261a20ec28"	100	100	100	100	100	100	42
"d2d8e685f5e46e11b4ea8667605585bb"	100	100	100	100	100	100	100
"4658ffd7dafd3ea9b5016c5b965c93ef"	100	100	100	100	100	93	93
"e6d1409b59a8611f9e253bc0dc3778b0"	100	100	100	100	100	100	88
"fba34669d67ad6eb3e7645d44b3255bc"	100	86	84	84	84	84	84
"c9d8d451649076f566ee2b5b48c4c7ff"	100	100	100	100	100	100	100
"90ebe06a7fa345f871e9e997e482ad24"	100	100	100	100	100	100	100
"9ebba7a0df672a7faa144e5966c1fd30"	100	100	100	100	100	100	100
"5b9ccf641cf9eb7334a4e3b6796cd9db"	100	100	100	100	100	100	100
"77c03d96ba29f98a444eff382d09db50"	100	100	100	100	100	100	78
"d18b327d8a8b0704abce0af41bbf34a6"	100	100	100	100	100	100	100
"fe9a241625bbd9012cb0cc0fe71780e2"	100	100	100	100	100	100	68
"0a6337fc71c631d01ff544a8bb5bc675"	100	100	100	100	100	100	100
"9f72dae0d88a975816cefbaf363c28fa"	100	100	100	100	100	100	100
"1de0a391b1b09fd5ac15aa04e90697ad"	100	100	100	100	100	100	93
"91348d92ce76225fafd9454966ab1c11"	100	100	100	100	100	78	78
"c0fce905f9567998093b01f45a73f7d4"	100	100	100	100	100	100	64
"aa623632b0c3139566477c8348f6ee6d"	100	100	100	100	100	84	19
"2e0a0ee1410790569d96116b986583fc"	100	100	100	100	100	100	90
"6dd0faf7c7c158c39e906924e40f8ad9"	100	100	100	100	100	93	36
"def78b454ccea64fdccbd09dde59a841"	100	100	100	100	100	100	46
"ab282a127c2245025140d9bbdf4884f3"	100	100	100	100	100	100	70
"c4de8d9357220bee913ddb98961f8ee1"	100	100	100	100	100	100	98
"7aa902f673ed609ad3114653da6b95a3"	100	100	100	100	100	100	29
"966c4b05f71f464288625cbfbcabbde6"	100	100	100	100	100	100	86
"58a43935469032457ae05995309823ab"	100	100	100	100	100	100	100
"78507022570e3d0bd7106b1def808412"	100	100	100	100	96	34	34
"af8e1e0cac6eefa393a5d6c6e07bd963"	100	100	100	100	100	100	100
"0b078aab8846946f6381586b6ad98a4e"	100	100	100	100	100	100	74
"febc182ff5f95b520b2e32a6b346e72f"	100	100	100	100	100	100	100
"24e6e4a9f783230f7a8702c344a000a2"	100	100	100	100	100	100	91
"5ce3d814dca1e8b84fa8fb8044e77216"	100	72	72	72	72	72	72
"daa4779cce7ed1d557f66b1b5b7cf728"	100	100	100	100	100	100	100
"7c223fded4a486645559dd6d06c40753"	100	100	100	100	100	100	100
"ccd8732eb9af540e8bbb8d39f2484d5a"	100	100	100	100	100	100	100
"a1373a705eb84ac137ea2f4d5fe9f5b9"	100	100	100	100	100	100	94
"f0222d3d65b075637385ea8a15cf0265"	100	76	75	75	75	75	75
"bc080156c5491d1b3e577d34596020c4"	100	100	100	100	100	100	29
"96b37eedb0462dc9dbbd421d2b8bcbbf"	100	100	100	100	100	100	90
"414a0d575caf8495bfd449bf5ec699be"	100	100	100	100	100	100	88
"5cf7ff7779c2286a506b958e220a3368"	100	100	100	100	81	40	40
"2d61cf6a43b6d56a4e3ca71a23ae3e12"	100	100	100	100	100	100	98
"df47fbb3a5750ac6db57fbaade517184"	100	100	100	100	100	100	100
"930e510357ccc0c1b4086cc9d5e6b5eb"	100	100	100	100	100	100	93
"abf2d9657029eea83a00ea87172a7b65"	100	100	100	100	100	100	100
"d09d6294dc2cc05f29a360645dc84064"	100	100	100	100	100	100	100
"49c11671e42ba24ee46593a3fcfd2d67"	100	100	100	100	100	100	47
"caa752c0ecaff2853a26a57dae5887d8"	100	100	100	100	100	54	54
"a096ebd74652040ec1616f6027fceb27"	100	100	100	100	100	100	66
"d20950fa8f44f09d2234f3d912a850f0"	100	100	100	100	100	100	55
"ff95484e9a719be0dbfa049813ac0024"	100	100	100	100	100	100	100
"d9d81236cc03db9874a1020da4f40069"	100	100	100	100	100	100	100
"327605401c2b0d9f9616b6e56021cb1d"	100	100	100	100	100	100	58
"860c0afc8e1a20d7b49436f1dddd9ea7"	100	100	100	73	73	19	13
"5818f2105aa3f6d6ad9772257a95141b"	100	100	100	100	100	100	92
"e90b8be8da703d341ea5bda3c9b1b79c"	100	100	100	100	100	53	53
"26f313ef1bb4eb959699175bfa3165d8"	100	100	100	100	100	100	87
"0593de025bb8506a0c74c5a20b5389c4"	100	100	100	100	100	100	89
"11038de4b3b34d985b38abe1a6bbccbc"	100	100	100	100	100	100	57
"043d7856aa5ca4dce4c4dd796af9cfc0"	100	100	100	100	100	100	71
"c3f6abed79a67f450c3c498afe29e05f"	100	100	100	100	100	100	83
"27e40640552682d3dfe9a5e1dd39ab4b"	100	100	100	100	100	100	72
"5c2e24cdfacdd76514e13e29dfb880b0"	100	100	100	100	100	100	52
"f436a107bdb4dbd35c5b954be9d78032"	100	100	100	100	100	100	100
"2ddcbf7cd11ab99efb8b5b77f32bb7fb"	100	100	100	78	78	78	78
"ece7db7c17e952255c67eb2ce448c926"	100	100	100	100	100	99	30
"8eba086e2096574325a9f193be7b4a7b"	100	100	100	100	100	100	100
"1d8254a00db7b0ec6aec873f14aa5f7f"	100	100	100	100	100	100	48
"d94cc4e02d1bb66ee8f46d5a92f9697b"	100	100	100	100	100	47	47
"ccab442d8329fa5e2d1337e932d34f24"	100	100	100	100	100	100	100
"fc0d09d4233c5a4d66669d0eb90fd73a"	100	100	100	100	100	100	99
"3819c65d234cf41c61059bdcb6b34d55"	100	100	100	100	100	100	33
"993fb33fcda47a8d3de277cdf4c24cba"	100	100	100	100	100	100	88
"bd91c307e8245e103912e67750d86ea6"	100	100	100	100	100	100	26
"eb3ae1dc0cd5ac98db308e692eadae75"	100	100	100	100	100	100	81
"7d23d2e64aa51b1005414eeb14033cef"	100	100	100	100	100	47	47
"6c5abc479052f636dc05c10e4323a295"	100	100	100	100	100	100	100
"e140d48fbc4bcc489d73f4f9cc3851ec"	100	100	100	100	100	100	92
"b557fbea9435936ad360c714f715c600"	76	20	19	19	19	19	19
"023af4e211cb1138f526f37998522c27"	85	19	15	15	15	15	15
"d86f0fdf81c57fad28b7744ebf319a9f"	100	100	100	100	100	100	97
"fbc137df1cff8cd6e4fff382b24d7351"	100	100	100	100	100	100	99
"d434e22051211b1b586b34cd30e1bd67"	100	100	100	100	100	100	100
"bbe7a37b85ea6953956cd45f4095b217"	100	100	100	100	100	100	81
"2d656480076a1b4b39e4f946bbb54b60"	100	100	100	100	100	100	79
"6927eecd03ac6a1b53c0a70ae3328e8e"	100	100	100	100	100	100	48
"9cfe902b369c06f8821382c39db8de7d"	100	100	100	100	100	100	100
"bb0d4cbe6052220987c97c4ced0a95d2"	100	100	100	100	100	100	97
"a76a843c385ae2280d85abd6b8e41825"	100	100	100	100	100	100	52
"ef044906415f2abcfccd2826b222065c"	100	100	100	100	100	100	96
"41d335b3539f719937d4460f1fab8788"	100	100	100	100	97	35	35
"548d69bc543e69ee62f2a37a4b91cd44"	100	100	100	100	100	100	72
"387b597677642704a24ddd9ab4cf529c"	100	100	100	100	100	100	96
"94f8cd649c2c6a35b2409713f2e1692b"	100	100	100	100	100	100	100
"764f93453b5c6a04cc1683ea52e6e924"	100	100	100	68	68	68	68
"e4b9b215ba7d2fdd4960ae3af02282cc"	100	100	100	100	100	100	95
"2196e84e22d9ed67ec38ac77d72d1003"	100	100	100	100	100	95	52
"1e00f8ec51fbcad45197fa54b2c04fd7"	100	100	99	99	99	99	52
"096fb552642ee3092adb70c4ff43c16e"	100	100	100	100	100	100	69
"e2385c43390e9a6908314bac4d681deb"	100	72	72	72	72	72	72
"a3f90fb192a60e64ad0a5a3c2bc72e35"	100	100	100	100	100	100	95
"decb4eebd1b5a22b28370b577aaf8d10"	100	100	100	100	100	80	14
"80485c5ce72c7222cc6e6b5323b45038"	100	100	100	100	100	100	100
"969c9876ad40004ccc80c201039a8d6b"	100	100	100	100	100	100	66
"2d1224b087812d64f46cd8404685768d"	100	100	100	100	100	100	71
"1422f58319e6fecfec5696f44977c268"	100	82	81	81	81	81	81
"f01febc8334b4a3202f8f92b42b8179b"	100	100	100	100	100	100	100
"f233411292c4196fbe240d3ac20e6c0b"	100	100	100	100	100	100	55
"c3fcbc323b36cad8ebbe5e0ec2b04c84"	100	100	100	100	100	100	48
"a1d958616e93d3dcd34a8d765a01b091"	100	81	77	77	77	77	77
"bb102db5b9819425c5f9fde9ef96f090"	100	100	100	100	100	100	100
"cb732bc7d51c33af1d5e9d6987a0c524"	100	100	100	100	100	100	67
"53eea7a498acbfcbc2c73b78c41e28fb"	100	100	100	100	100	100	75
"685beff41b85ebbf9f8b9295517411ab"	100	100	100	100	100	32	32
"40b62d79455ffbb63e5760ec3f1d075a"	100	100	100	100	100	97	97
"55ed1c28f41f1b037c70a4b536204fb8"	100	100	100	100	100	100	100
"b677addf235ded4320ec539e6dccac8c"	98	74	73	73	73	73	73
"1faa71f7978069251fad317f660e1202"	100	100	100	100	100	100	100
"5c260fbd1e4356c46f6bfe7a960f2192"	100	100	100	100	100	100	90
"3f632c0d4c0e4d979f21c63cdd2cf0a9"	100	100	100	100	100	100	51
"43354fb547e103d5340e0e38027a69cd"	100	100	100	100	100	100	78
"56a563c59e03728268a2ff81e98005dc"	100	100	100	100	100	100	58
"b65da5e4b42302153151b3c339aacc19"	100	100	100	100	100	95	69
"15e88fab2fe9cf4b8c7b5effd19831ac"	100	100	100	100	100	100	100
"c307c48cc5ec33722d280cb5b990854c"	100	100	100	100	100	100	25
"771c1f2080892013904c962987533fbc"	100	100	100	100	100	100	100
"4042533f311e267ba488969a095e1a56"	100	100	100	100	100	100	86
"1d1f1db9270d0151d2e907b68efccb55"	100	100	100	100	100	100	57
"5bfdaf5898dc3bd15d3f7b37342f4b34"	100	100	100	100	100	100	85
"b2400d43a316295c4ae615fabecc4da2"	100	100	100	100	100	100	100
"89dc36f61db98d1732fb7d8862d3dba7"	55	12	12	12	12	12	12
"1f6b4949687fcca881d8fc34ae6dc6ca"	100	100	100	100	100	100	100
"65a714225cdd3e8ffa6bb9eb2162baf6"	100	71	68	68	68	68	68
"c57b92470c8092b9a398d3bc2d903229"	100	100	100	97	54	43	15
"67b3cad3ec1cd9ee2ef91bea42a51f70"	100	100	100	100	100	100	57
"acbac764cc477336ab68e20dff870399"	100	100	100	100	100	100	78
"9130e8c8ee0c83a6c3db43d3096cc65c"	100	100	100	100	100	100	97
"aca02b7b5f1894caff70d54809f7adc1"	100	100	100	100	100	100	47
"898355eeacdeac265d1d8291d6b3b49b"	100	100	100	100	100	96	96
"d2537980381fc851a7e4e0cedb678125"	100	100	100	100	100	100	65
"b84b949fabaaa87a5f8fe1d2e4950cc1"	100	100	100	100	100	100	57
"7286c411174cd5b320415f5a2ccde69c"	92	20	18	18	18	18	17
"a35d935cef651c62b6e8b497c3d1b7ad"	100	100	100	100	100	100	69
"68cd5a603612fd1deac332ddd2767cc5"	100	100	100	100	100	100	88
"a81358267491430fccfc4b80848d9b82"	100	100	100	100	100	100	58
"3c97bcaddd67dadff64a9bb3cfc61eb8"	100	100	100	100	100	100	57
"98cb49c5275ecab190ee715116c2654c"	100	100	100	100	100	100	34
"34b1c23626811ace04ff3fd1f528d377"	100	100	100	100	100	100	100
"32dfe73bf06c824e4c18d4b96554f172"	100	100	100	100	100	100	100
"12de06ef9a00d20e42564a56c112e8d4"	100	100	100	100	98	41	34
"159b5e0fdb8eb3b9fac98b8e475e3fdc"	100	100	100	100	100	100	100
"0103acc1640b2f4c18348bfdd2afe40c"	100	100	100	100	100	100	74
"019a1df3cddb989bc5bbbbad94c8a4dc"	100	100	100	100	100	100	100
"26bde322a5e578fbe89946c69524c4aa"	100	100	100	100	100	100	54
"d2775434f7636637de5144a7b3b43a2a"	100	100	100	100	100	100	78
"f5dd5eec6ddc90515e81bd3aa8ed2a62"	100	80	79	79	79	79	79
"f73de2ae4b2e586e3642213b284504b3"	100	100	100	100	100	100	26
"9c0782faa58e731ce2815480d3a88afa"	100	100	100	100	100	100	95
"d08e45f8471078ee366fecf6b75c4dec"	100	100	100	100	100	100	24
"4d6bc971c5f90972983a2a5cdaf5d0d0"	100	100	100	100	100	100	32
"6d2f959b571ef4aeb20f187b3b56e38d"	100	78	76	76	76	76	76
"c6ed402d4a3e9ff25046c2723a3a7f3a"	100	100	100	100	100	100	99
"e482386eb2d67edf1b8f1aa3c5ccaf76"	100	100	100	100	100	100	32
"a020442f33f5668301326727ef42ce8f"	100	100	100	100	100	78	78
"d24d00749128f0de320a9d5183a01b82"	100	100	100	100	100	90	44
"540607c6895b7f16b83a6ff9e4815c9b"	100	100	100	100	100	100	59
"08195887b3cb32a837ba0b51c3c49500"	100	100	100	100	100	100	84
"ea22566d62f76a0e3df75cfd6c724ee2"	100	81	80	80	80	80	80
"ae0c7b8651beb9da942907340bd05086"	100	100	100	100	100	100	100
"967ad27fd103d8e334fa2bee74464665"	100	100	100	100	100	100	96
"6409eab7226e0c67413611240451f65a"	100	100	100	100	100	100	44
"1955d973df5eae5a1cfb4ca5ef9660f6"	100	100	100	100	100	100	72
"29cb455cf3325146070ea3005740c8fd"	100	100	100	100	100	100	94
"ba0175a1498f61602d7837333e0f51ea"	100	77	77	77	77	77	77
"6be7a88dd11a178e09b1e6b6cf91c080"	100	100	100	100	100	100	94
"744ed0a4dc480396247f44fc8a2897c8"	56	6	6	6	6	6	6
"5a6b4e786fe98b4600af4c833b0d52f1"	100	100	100	100	100	100	91
"a01c203b71aeed9d9362d5c91f540a3a"	100	100	100	100	100	100	53
"6cb94cb3ebbc884b570566ab7cfc33e4"	100	100	100	100	97	80	53
"fbac5ce42d2289bd512e4c477893105f"	100	100	100	100	100	100	29
"760a6c05add14a66760f74cc1c4cbdd5"	100	100	100	72	72	72	70
"98d278f954c616b2999b125565355d81"	100	100	100	100	100	100	100
"c3bf40f291539e65b269b1fa325364fd"	100	100	100	100	100	100	95
"45f7796f4bba84c7eb7a76d4df74d065"	100	100	100	100	100	100	96
"7a77a9b417136d223c8c6296789bd365"	100	100	100	100	100	100	85
"a905694d8b9e2789abda0a235dcdbd9b"	100	100	100	100	100	94	67
"40a9c6b7f459088db4de69068edb9000"	100	100	100	100	100	100	73
"186182c5825a8a631a5c236b6f86242f"	100	100	100	100	100	100	61
"3fb95cad1e4e28578fbb2cfe119b14e6"	100	100	100	100	100	100	80
"24e0e454f244ce611b150f6d578396fc"	100	100	100	100	100	69	62
"0d5afbe0c3bb4939969f4f3833ea9cb1"	100	100	100	100	100	97	95
"0eddf2829988af49cb73210c9df8de31"	100	100	100	100	100	100	96
"6259b3b0771fbfea0ce7ac643b5dfb6e"	100	100	100	100	100	99	40
"7476d162e23ea7c610b064b103004dae"	100	100	100	100	100	100	54
"c16858318edeee93e09616924e42c347"	100	100	100	100	100	62	52
"830f1929d0f6d315ffa4157b62085a81"	100	100	100	100	98	98	41
"9965a6cbef79c659fd4c3d94f4df31c7"	100	100	100	100	100	100	27
"3f1278bb8125e249f2e796e12f53f12b"	100	100	100	100	100	100	28
"310ac3b9959108c91bcb4a69adab85f7"	100	100	100	100	100	71	65
"81f3f40f55f4cd54acf7ebd100f38354"	100	100	100	100	100	100	95
"040d11bdebca0fe74111ec1f02907eb2"	100	100	100	100	100	100	100
"fd247ec4dca01b8055d4adaecdcfd385"	100	100	100	100	100	100	100
"b87c4da2b382660757fb2a9b648ef6e8"	100	100	100	100	100	100	100
"2cd3d7ddbaf40f0aaf7018487857526d"	100	100	100	100	100	100	92
"4d1ca7d97282c4e5dfa5c423d0dbd89b"	100	100	100	100	100	100	46
"8b82af128c77d6b427bc2a9278c65024"	100	100	100	100	100	100	82
"8dd962193bbcb40aa6f3c2bd1835a37b"	100	100	100	100	100	100	31
"1739fb915ea9487c291ca3a5faa8c8a9"	100	100	100	100	100	100	79
"6dadec776a69bcb3d3e63aa2ae59314f"	100	100	100	100	100	100	100
"41ebbf8abc7b71d9eb9369d298f7a65a"	100	100	100	99	99	98	98
"5f0f617973f8874bedf7c0f156c6c211"	100	100	100	100	100	100	35
"1e0b4854597dc4045b717347cd2ece63"	100	100	100	100	100	99	99
"b6fda04cd2eaf3deec97aaf65a09eaa0"	100	100	100	100	100	100	94
"cf868c8104a9a52b02b8dbb3dca4df72"	100	77	76	76	76	76	76
"1dadea02d356250367fd7c8d0bd4bdbb"	100	100	100	100	100	98	71
"585973bfbdb1f639baf29b930e5f29c8"	100	100	100	100	100	100	100
"8da3b8496674a9e2043b19cbe4835345"	100	100	100	100	100	59	41
"dc1b57ef1d009f23b94fbe551bbbc4ce"	100	100	100	100	100	100	100
"701a8a0678c5d0ad857bdc586f793a9b"	100	100	100	100	100	100	84
"3b4f6123a12005102a538ab115667412"	100	100	100	100	100	100	99
"d75e84f427e8381dc5a852abbeef1426"	100	100	100	100	100	100	83
"f8b3151e5e275527daf9fad22b0cbb62"	100	100	100	100	71	56	31
"7f73b40df81f40c3a3a099849bfdff07"	100	100	100	100	100	63	44
"10644b4730eb654076c3bbbed10bec9c"	100	100	100	100	100	89	77
"4996b90be4ed4106112f4b6688ffd964"	100	100	100	100	94	94	89
"5d9950657133f9f58c2ff22536ab1772"	100	100	100	100	100	100	78
"47e580d88e5299066b87574571898f65"	100	100	100	100	100	100	98
"1d53110a7082716a47b503d3d479b9f5"	100	100	100	100	100	100	77
"069e30297a4f06e95563ec746a7d799e"	100	100	100	100	100	100	100
"856fd720290e9b4abd0574f6f1ff974a"	59	9	8	8	8	8	8
"724cb89a476e35177b1c2280b6060e1c"	100	100	100	100	100	100	100
"b9e24acf6971f194a0d81ca196ea9bd7"	100	100	100	100	100	100	58
"e6e0dec3b272bc6f25bbc7f8d1f4815d"	100	100	100	100	100	100	100
"022bb683852173917f6ea92685b2b756"	100	100	100	100	100	100	61
"c6942ee54d6561d636c8f4b00bcf8751"	100	100	100	100	100	100	25
"de2ebd28a4a14d0739724c9e27e28205"	100	73	72	72	72	72	72
"c70736e2ba487b870d3e28f4727856bb"	100	100	100	100	100	100	98
"27abad801a923c30a1792c4dd2dd4b45"	100	100	100	100	100	100	100
"7dced918f6d64372c21cbde7ec96b3af"	100	100	100	100	100	88	71
"f1ae7425e010c4f5fce19f67844d29f1"	100	100	100	100	100	100	100
"7cc1df7198a51335c8986fce136423fa"	100	100	100	100	100	100	80
"bee0e62763233d60a266e3b7f2a4295c"	100	100	100	100	100	100	100
"4363fbf9b76a99f3da191cd129f9b820"	100	100	100	100	100	100	98
"29c07feebce81e61799a8aa54e8b020a"	100	100	100	100	100	66	59
"8bc09a6d14f1f1356c271c6494880ec2"	100	100	100	100	100	94	71
"ac3af30c69bbb91fd3abf54fa0a78e1e"	100	100	100	100	100	97	72
"364e0fbd5220258328a8b29e9943478c"	100	99	99	98	32	32	32
"054e41bb5e8fe4dd460b93760e6793e3"	100	100	100	100	100	100	69
"ffd7549543a51451299dffb994c50491"	100	100	100	100	32	32	32
"8e8ec998a7a49f7b5dac7d8311c16b33"	100	100	100	99	68	41	41
"a3456b64276c5b6cbe215fcd22977f02"	100	100	100	100	100	100	100
"832f18ecc57b8527bae7e433091aa642"	100	100	100	100	100	100	100
"9a25699b06f4a06a43d80c7d4b9ed989"	100	100	100	100	100	100	93
"9339c276cba2b861e523162d5b9fbde9"	100	100	100	100	100	100	80
"dbeccf228a39947f232ffeb43062771e"	100	94	94	71	63	63	63
"868c7af0c3a07c6397b7b1c48f058686"	100	100	100	100	100	100	57
"ee0730f7d129acbe390fc8966d0a53fb"	100	100	100	100	100	96	94
"6264fdde255cd9ce372f1fa303a12e8e"	100	100	100	100	100	65	48
"6e49e5228eeefe903080d61cac8443af"	100	100	100	100	99	99	92
"c9b0b8f0dc3e94e008f59d6dab7c6f2b"	100	100	100	100	100	100	86
"02f39c7a3aff1c2b3888616100a33e9a"	100	100	100	100	100	100	99
"83b9c001870f7a4f8ea43e36b1bd66df"	100	100	100	100	100	100	82
"2749a27846c1ec9758aa6acae0c28cbb"	100	100	100	100	100	89	69
"ca64fa34162dd61a89f9e68fac7af358"	100	100	100	100	100	100	100
"6ba86454aef87145b89d11da6adbbb1c"	100	100	100	100	100	100	100
"ecdd43f10e4d75672882b4df3d7dd362"	100	100	100	100	100	100	99
"bc6a4c0a205c5900863ab5b2b5b83ba8"	100	100	100	100	100	95	66
"4a76d77b8c3ccbd4cf645d37e521495b"	100	100	100	100	100	100	93
"e7057be5717ec36dc511ae64058aa26a"	100	100	100	100	100	100	53
"44ede5813d82b3b449920c151490c26a"	100	100	100	100	100	48	48
"3a6c0c0cd5a84c9a8323c613407d600f"	100	100	100	100	100	100	99
"d7773887f5c2d93906f102880af55967"	100	100	100	100	100	86	86
"40f8bbcf1d9e00797875adc2e55ed1b1"	100	100	100	100	100	100	52
"bfc2002358748d3b5667bbf2cc7709c2"	100	100	100	100	100	61	59
"e455de39f484a4c572fce599f815f404"	100	100	100	100	100	60	32
"965b074009e49dfa7dfa0f326045f4a6"	100	100	100	100	100	100	97
"ce1b652ad36ab02331c11eb1bd9860bd"	100	100	100	100	100	100	92
"a7aa47a814ea6f073380b16885ea2666"	100	100	100	100	100	94	35
"2797b09fc82f1813e54647d1de7eb73f"	100	100	100	100	100	100	57
"d5b498dd600a5849ade5f79e7c01072d"	100	100	100	100	100	100	100
"6c9848adc061c4d826ef13ad517bef79"	100	100	100	93	32	13	13
"63b108f9b782d303d5736ba2fea4bc4f"	100	100	100	100	100	97	97
"21b90b138dd69f5605b1791af3348572"	100	100	100	100	100	100	55
"541ee7d5c4796c26ec22a05ff5698f3f"	100	100	100	100	100	100	57
"d1357518d2290154e554a7dfbf4f491b"	100	100	100	100	100	100	71
"8cf443b71accbd8992cbd9dec5abae3e"	100	100	100	100	95	95	93
"c9e0a03ce26273dd3ecbae5f24da2bd1"	100	100	100	100	93	93	90
"c7482843c196d3d7932ba2bc0f315b84"	100	100	100	100	100	100	89
"20dc415e32385dd294eb65dc60fcc603"	100	100	100	100	100	100	73
"9c567bed685b66ba518d8bd6a4e60b98"	100	100	100	100	100	100	100
"42d9c38fc0a21c37560c22dbd1ea4ab5"	100	100	100	100	100	100	56
"d72d63191eef3049c94c1bea03670d6c"	100	100	100	100	100	100	100
"e886ca578abcfc123f4840f6a365defc"	100	100	100	100	100	100	57
"58699c368535a5ff11ebfbed3e2b50f8"	100	100	100	100	100	100	54
"2b7509da2a8ad0efbf79e4d04cfa1777"	100	100	100	100	100	100	71
"5716e6c212b7b58b67500c19e28302b8"	100	100	100	100	100	100	100
"9fbb36d147ebd871129dc7bc484adcbf"	100	100	100	100	100	100	24
"21c054f7de7536236dfce3130b445bc8"	100	100	100	100	100	100	100
"4e17017a34e3c2f5d189495887da3ef8"	100	100	100	100	100	100	79
"38ac1bae27758caffc9a3f562a28c683"	100	100	100	100	100	90	74
"30011c796ff675d3302a16eb8baa0993"	100	100	100	100	100	100	49
"b4092a1415264a1016b71c08136c7ae2"	100	100	100	99	99	95	65
"2cf7b4859334f775e84ec6bb9e0d3fa6"	100	100	100	100	100	51	49
"114f78e9dd0256edc603b151529bf54e"	100	100	100	100	100	100	75
"5937ab2a0f279a11b2e007eb6f37457d"	100	100	100	100	69	29	29
"f1dfbc332e7336fecb2987fa941200bb"	100	100	100	100	100	100	100
"cfdb008007529deb38d6a5f0dd13bc2b"	100	100	100	100	100	100	99
"5b8cb218641dbd8fb2402499c74d5996"	100	79	77	77	77	77	77
"8805091f61408ae96a63b14167fbe1cf"	100	100	100	100	100	100	24
"e72c6e33aa05f0ec496e54b4d7809a17"	100	100	100	100	100	100	64
"0cb6445275a1b2fe84d80a3f62a53209"	100	100	100	100	100	64	63
"7e56328eb1b0489882ff15b4e760433e"	100	100	100	100	100	76	74
"baac5c8524be56d4345cb8af90dbb78b"	100	100	100	100	100	100	82
"814ca3d6df604cf62f5f49c47a9ce708"	100	100	100	100	100	100	100
"86515a3f2c87e804d37e179bb87b370e"	100	100	100	100	100	100	95
"41462b48fd332f013de43c265c04aafe"	100	100	100	100	100	52	52
"842f30570e6b094190dbfe66f0135e69"	100	100	100	100	96	36	36
"6f4498ae42428702ba2d08f7fd95d82f"	100	62	61	61	61	61	61
"a015ef5eeac260b6c32a6630241f4e20"	99	72	70	70	70	70	70
"cbdbfeffeb1bfbc4aa020dfe74b10178"	100	100	100	100	100	100	69
"ab48bff012f6d03619b6091ab9940cc8"	100	100	100	100	68	35	35
"f7452a00b3759a56c4a614564ddd09c0"	100	100	100	100	100	100	100
"e8931f435544d651e52d5269bb495791"	100	100	100	100	100	100	97
"fad332b852047a51f3e1aab9a23ad68e"	100	100	100	100	90	49	49
"124a25638dc6cf12112f96fb17625427"	100	100	100	100	100	100	96
"9940befe822a13e99dc0b72f7f403a50"	71	12	11	9	9	8	7
"6a2cb7fa239f973c3cb66693a0ac3ded"	100	100	100	100	100	100	100
"717d50636871426604f1a040182006ef"	100	100	100	100	100	100	100
"ca610b8205a482502d49ca63f2082856"	100	100	100	100	100	100	62
"f0b679db76054034eff69cdd1c979c7a"	100	100	100	100	100	100	47
"5fd3eb96349f56a5b4334d33b112daf5"	62	20	15	14	13	13	13
"b8e26ee6cc0234284f69bb526ca05775"	100	97	86	65	65	57	57
"3dd75bd9f4b9f2c7d1fd773999f121e2"	100	100	100	100	100	100	49
"7e03e19229d96a3e11cda0b3e1fe31f3"	100	71	67	67	67	67	67
"e4686fad6b317df8589f5daf9596e9d7"	100	100	100	100	100	100	82
"d15520d1d626eeb726dd1de1c890e42a"	100	100	100	100	100	100	100
"26c4f335fa0ee56fde4b4c4308c045cb"	100	100	100	100	100	100	100
"7e2fd844ed751d36f8e1a85948bca691"	100	100	100	100	100	100	97
"94f8014d74b055b0048e39afad4dfa52"	100	100	100	100	70	37	37
"f48b988357c5daddefcd715f8195f126"	100	100	100	100	100	100	79
"dd2c298e825792035d34f615592bd3d5"	100	100	100	100	100	100	100
"fe3a395fce5cf4fd908ddcde02861c43"	100	100	100	100	100	97	97
"40c581d72162a052d3c95c379c573e23"	100	100	100	100	100	100	59
"c658d6a2d6e59c5591cec823a5a54214"	100	100	100	100	100	88	49
"dd799e1d37e5c4a3ee43cb9485ca693c"	100	100	100	100	100	100	44
"45644a76426516a61645cfa08817ce65"	100	100	100	100	100	100	27
"7588dcd1dd2d91e23fa3273e541ad0c6"	100	100	100	100	100	100	100
"0a068d77067c0bf0058ef8dace197d0f"	100	100	100	100	100	99	30
"fbafce31015549954e9c4ef9cfde8a75"	100	100	100	100	100	99	99
"92763bcaa2e99a4095ab844bf58d9c8e"	100	100	100	100	100	100	29
"39141688282bb459d48f0309cd86f285"	100	100	100	100	96	68	59
"d8776c46d14cb4868667c25f8591f1ba"	100	100	100	100	100	99	99
"f7e623ff460c19cd2afd824179b8a8b6"	100	100	100	100	100	100	99
"f58946d458ab36cf081e99f8ba52d038"	100	100	100	100	100	98	18
"b67bba255a348068404ae59657a316ba"	100	100	100	100	100	100	51
"099955c8387b813ed8275ccdbbe1f070"	100	100	100	100	94	94	91
"70fd101e697010a546ee85bcd93c6ab9"	100	100	100	100	100	100	82
"292e9c1201352440e801b164ccb2544a"	100	100	100	100	100	100	97
"672f0288873eefff01001fea3b2b750b"	100	100	100	100	100	65	52
"f2ff76bab11118aee2b3d73593fd02bd"	100	100	100	100	100	88	39
"d14d92715a823a415f3266c30b8b10fb"	100	100	100	100	100	100	100
"da1b8959261161e77498ac7d658eefef"	100	100	100	100	100	100	57
"01758e2de8257df95193bf31618313e7"	100	100	100	100	91	53	53
"dd0b4e6b874ccde710394a90961ed296"	100	100	100	100	100	100	74
"9a68da29423825809acfca457c251b68"	56	13	11	10	9	9	9
"3b28b192c86211b9eb98b996ce5b96ca"	100	100	100	100	100	100	100
"ead5ed6f23acae41ca58ed7d9d4b238d"	100	73	68	68	68	68	68
"419ed3a50962411b1407b93c270742df"	100	100	100	100	100	92	63
"9c3197d1405586cbe6969c44293e53bd"	100	100	100	100	100	100	98
"ac6039b18c822c5ee4481fb3e8d97c93"	100	100	100	100	100	100	43
"911ddb2a62a8e71217a8a7d9c970a752"	99	67	66	66	66	66	66
"8126774eacef402b7474bc5ea5c42d7b"	100	100	100	100	100	100	100
"2091b4a1a18b8980a7c248c5b13e0007"	100	100	100	100	69	15	15
"5d733df12ac8eebbeb40775437c40a05"	100	100	100	100	100	100	70
"6f65313963165bdcfc32cbb8293adbd7"	100	68	50	48	48	48	48
"901f5a5d9ab66ccf56f0d6502a273e33"	100	100	100	99	99	89	31
"1c69bd8e51f1232a5d3938933ba4f18f"	100	100	100	100	100	84	84
"7c9968fa1b0c16c0b6eda44c61052f13"	100	100	100	100	100	100	99
"9a918a53db0ebd690214c188e069bfd8"	100	100	100	100	100	100	98
"637ecbb770386484efafdb128630e694"	100	100	100	100	76	8	8
"3c6cf560feab3e821fa1f5556b199306"	100	100	100	100	100	100	99
"018f923c45810bd4dbf213c917a4032c"	100	100	100	100	100	100	100
"586fc68fb9f7f993dbd0f540f827f59e"	100	100	100	100	100	100	87
"f54681cd677c2e3f19140d64de22f84b"	100	100	100	100	100	100	20
"aa9692370eaf169f154666aa82aefdc2"	100	100	100	100	94	35	35
"9f4943048ff455d6bbe61859d623e805"	100	100	100	100	100	100	100
"9e95d9d93f2c2501267953b7ddf6b8b4"	100	75	74	74	74	74	74
"52e211709466034a0ba9efda7d7ed874"	100	100	100	100	100	100	100
"3e0326f655a4e9708211b2659891cb12"	100	100	100	100	100	100	93
"d54ac3c21ca09e7e53cab51e8d4a75e6"	100	100	100	100	100	100	20
"7327dec2e35f7b906d4832e57a283d94"	100	94	94	94	81	81	81
"3de392fd45efd49d74ff87acdbd87e5b"	100	100	100	100	100	100	96
"543933c7c110d1a45df39965fe3d49e6"	100	100	100	100	100	100	81
"761ae988ed9febb992a1b5289cb60438"	100	100	100	96	89	26	26
"f348627c333c18ba3fb8ffe2231302c2"	100	100	100	100	100	100	90
"4de88cc32a5f3b1540a4200c5f00c72f"	100	82	80	80	80	80	80
"3f5fe63ca5c57648148bdb884064c684"	100	100	100	100	100	100	100
"5e7c0bf5c5e7f97439d542267b2ecdf3"	100	100	100	100	100	100	100
"55efd294c435045bd73a4637291655ad"	100	100	100	100	100	100	14
"d3a7272be35972798fee9c31e986ca78"	100	63	46	43	43	43	43
"7512d097651f9c8f920359e46bc84922"	100	100	100	100	99	91	47
"d35c3428bb8296e14cd8308130d2cf22"	100	100	100	100	100	87	22
"b907cce7b49cc95f92343d16fe317986"	100	100	100	100	100	100	85
"c892fbea87fc23bcaf7f64b71efa8d3a"	100	100	100	100	100	100	100
"efe3165eee70ef8bc9b3a443a7546e1b"	100	100	100	100	100	100	94
"e3b1a70694df310f789025f5670c741d"	100	100	100	100	100	100	80
"832446990bb3d42bbecb1bcc6d9059b8"	100	100	100	100	100	100	100
"90c98f45cf5ff225fb5eb85d401fd11e"	100	100	100	100	100	100	54
"ba6ec5116e4470906b4ae1c925ee466e"	100	100	100	100	100	100	98
"80c3395ba98c3279c5849b5c815f5386"	100	100	100	100	100	83	52
"8b56f9d9f28e3bf3c6d3ebe5751f7326"	100	100	100	100	58	30	30
"aadcfb51e03d639b632c82013fbd2c69"	100	100	100	99	99	88	58
"65e4668708a86d9b60deccfd13daf559"	100	100	100	100	100	100	28
"dfe5eb0a6aaacb95a103a2be195f068f"	100	100	100	100	100	100	50
"ecf863bd836a2efcdf6fb2c7cdd07497"	100	100	100	100	100	98	97
"195bb919e795c1d222451ee28e8a7984"	54	35	35	35	35	35	35
"e76e022e1bc223d1d065237c0eef6802"	100	100	100	100	100	82	43
"2993933230553636276e0cd2c4c1eb14"	100	100	100	100	100	89	89
"90481432aac92843c8dc7278033af375"	100	100	100	100	98	98	35
"258b38f5efeee7bfa5a40b339f0dea47"	100	100	100	100	100	89	28
"47ee0c02ed66e09f8c0a1787dd158130"	100	100	100	100	100	100	52
"44c98ba4211dcbad2736ae174bd417f4"	100	100	100	100	100	100	51
"c3fd2048e4974049687e0be10905e440"	100	100	100	100	100	92	90
"5f4a4f5c3e307baaece3d99c3ee5d067"	100	100	100	100	97	97	94
"9c564b48feb22f93bac6015da77cfbcf"	100	78	78	78	78	78	78
"2e9c401ffdf72bb2ed21e1e53e4dcffd"	100	100	100	100	100	100	76
"d391a4737ec1bfbc6b63dfae02618d93"	100	100	100	100	100	100	100
"3286c13678d5c4c3ee62a53042b17b9d"	94	29	27	22	22	9	9
"92eaac3cade33dd024d474437ec42514"	100	100	100	100	100	100	54
"1006fc3ff74719939f65d2369b5edc9c"	100	100	100	100	100	100	90
"ed4573140b18f8e611d46eebae9187a9"	55	15	14	14	14	12	7
"e74d7e6fb985d44aac2457bb296ce938"	49	16	11	11	11	8	3
"f2f956c82ff1325bbf99ef4938a6607b"	100	75	74	74	74	74	74
"d5957688c45a0d34bd39f3bed233c074"	94	30	28	26	26	25	25
"5a4a1318299454abec866fdea0a2345e"	100	100	100	100	100	100	87
"74e68c40a1179d12e1ea46fa5d24eff1"	100	100	100	100	100	100	48
"d1fb1ab91d4c78290836248b1a4b5151"	100	100	100	100	97	47	47
"05692511be17fef7e4bc00e5ae97173b"	100	100	100	100	100	100	60
"cecfbe23250331fb9ff4d8353f6e3ed8"	100	100	100	100	100	100	100
"078b84b1a77744c35bc0551bd8412796"	100	100	100	100	100	100	82
"cbd240e953dc35031ff60c466fd8756b"	100	100	100	100	100	100	51
"13e572912b108885d22ebca738501ecf"	100	100	100	100	100	100	50
"99cafc2b37e747380e587151faeb6e2b"	100	100	100	100	92	44	27
"35c874367005a70188d2a6309eeaa981"	100	100	100	100	98	80	80
"5d1ca686a1b3b3a45845cef2de28d0ad"	100	100	100	100	100	100	90
"754d841c598420d18f8ef6defc8e5abf"	100	100	100	100	100	100	79
"450764f97317ccee8d437ff62d6476b2"	100	100	100	100	100	100	70
"2022c71a06723935f5b0b2af42789dc2"	100	100	100	100	100	100	78
"928170ca46c1a2053c0dc5f7e9231282"	99	60	46	46	46	46	46
"d4c0da3e1076a66d74523deaca351bef"	100	100	100	100	100	91	49
"b7c4b54b214bfc2ae3ee3aa4c0d32e19"	100	90	90	70	70	32	32
"524a0658d29da107cefae0dfbec3e135"	100	100	100	100	100	100	99
"6f821df72c67ccc1d1617c8cd105a7d8"	100	96	82	76	76	55	55
"66f25f9364dc8c50c7af47d68d7c4d23"	81	22	20	12	12	12	12
"b55d845f6c75d61b217ce7b86707b4e3"	80	20	20	18	18	17	8
"665019cf29be5158de2a89c37ec30c41"	100	100	100	100	100	100	36
"362b1081ac18903fbdf3c605a964017f"	100	100	100	100	100	100	77
"03da259d383182aab621080193a783e5"	100	100	100	100	100	100	60
"133bac7cf001fc729129861d6706a6b6"	100	100	100	100	100	100	100
"0546a7fe07e43b29d697093117aae908"	100	96	96	96	96	96	96
"6d833b009ef41cdfe44f2ac4a257363e"	100	100	100	100	100	100	37
"10a4ebebfa5261286f7c17fb9d309d17"	100	78	77	77	77	77	77
"33c960315e3e26b37d02c60d1c97f95d"	100	100	100	100	100	100	94
"f07b98fc767730595d15d250e295b055"	100	100	100	100	100	99	96
"81b401d2b398c17c5745436ae9c7fcfb"	100	100	100	100	100	100	87
"f27afac2ff4de71bf481964d4d73b817"	74	18	16	16	12	12	12
"12c1afc5989795fd30edf60921c644bc"	100	100	100	100	100	83	83
"466dd91de74e7be406dd4e8a82a1b194"	100	100	100	100	100	92	43
"174d9445db3999d1a545701efd259297"	100	100	100	100	100	100	99
"5285d196c4636abe9161d1fb49091919"	100	100	100	100	100	100	67
"80621c5d193d490c705c07ad307e9ead"	100	100	100	100	100	100	100
"aaf38b2add75f288c1162d793b3ec3c7"	100	100	100	100	100	100	99
"430f8f53cc1cd81de667316c2b6f3329"	100	100	100	100	100	86	86
"3d0a3deff0bfd51bd6d84cf9571034c4"	100	100	100	100	100	100	93
"587be41faab55cfad5d6a611145657f9"	100	100	100	100	100	100	100
"ad052100d6f74d100feae9d23501ddac"	100	100	100	100	100	100	100
"50ee62ba236dfef8aa3dfac7b599442d"	95	53	37	37	37	37	37
"59224db867024214e0ad7da5743c86b8"	100	100	100	100	100	100	54
"12169863ee1336b3909a017d0e4f5238"	100	100	100	100	100	100	100
"ed2787b672431d62316da46501fb7cbb"	85	30	30	29	29	17	17
"133b8cd97e36fdbda96f8982a727e98d"	100	100	100	100	92	91	76
"d842d8776730e2530d23f4b54fdcac64"	100	100	100	100	100	100	82
"05823dd206c4cb47074343486ad65fa3"	69	23	23	23	22	21	21
"ceed6cee2e6940853363b75a5714dc60"	82	49	27	21	21	21	21
"48c4f4b0483a33112eb0284d974ab96a"	100	97	97	97	97	97	97
"0c87e3438db9706d6bb2e9eb54c98848"	100	100	100	100	100	100	98
"895edc9a930c0411d7b77cb54c10d9bd"	100	100	100	100	100	100	30
"e3f29fd731983e277fb01d019d106de4"	100	82	81	81	81	81	81
"fe4a3045c0675a52349a356f6b855aac"	42	31	31	11	11	8	8
"0d16aa43b580f167f30a919d2add28eb"	63	40	40	21	19	13	13
"10a74faeefd552c01d1da840c0449a71"	100	95	95	95	95	95	95
"5849eef0b40fde533b72072d2be8570c"	100	72	70	70	70	70	70
"88c6cff5f940efed3914a2bbee9cfacc"	100	61	61	61	61	61	61
"b8b25dfa5adad7ed5cd1244115bc9df0"	58	7	7	7	7	7	7
"cc4bd5fd57ca17ef61c5cb343300af7e"	100	100	100	100	100	95	95
"184aaa19100c027ef236376bc87150dc"	67	21	20	15	15	15	15
"88bc855d939abf3cb8e772fff6b0fe37"	41	12	4	4	4	4	4
"5a758044878c7139e6c6f6ad6dd066c9"	25	11	11	11	11	11	11
"9728f03110cbc8eb92b7a9aa71de5142"	71	21	19	16	16	16	16
"626387d35d8b6276d1222665aeef39c8"	76	15	12	12	12	12	12
"0db8fb4647ef2c7333c394d3bb1e12a1"	86	51	43	42	40	40	40
"90f4aae9a3e9f504589bfc9141cea3b1"	98	41	41	41	41	41	41
"50df7be8ab1688b961598fbb3028d8d6"	99	79	76	76	76	76	76
"02e7f9ed1871c4ef1c166bd3f5932bcd"	100	72	72	72	72	72	72
"bb1191194e45b64932c0bf778be17746"	80	12	12	12	8	7	7
"3f3a30c34d39cc29704f9c1dbecd84b2"	56	28	14	14	14	10	6
"e045a1a7d925143c018f53aa5dbaf43a"	80	41	33	30	29	29	29
"bd4e69d80b61643ef80064bf6f78639d"	91	57	50	50	50	50	50
"2809879c065c3433b843f4b6cbfc628a"	100	100	100	100	100	100	100
"c7e7d90d49e02bd8ed53e80d353b65de"	100	100	100	100	81	33	33
"df7ff9a1833c2e241bc37034fdfbacde"	100	100	100	100	100	100	100
